Image info {
	 x0=0, y0=0
	 x1=8224, y1=32
	 numcomps=3
		 component 0 {
		 dx=32, dy=32
		 prec=8
		 sgnd=0
	}
		 component 1 {
		 dx=32, dy=32
		 prec=4
		 sgnd=0
	}
		 component 2 {
		 dx=32, dy=32
		 prec=8
		 sgnd=0
	}
}
Codestream info from main header: {
	 tx0=0, ty0=0
	 tdx=538976288, tdy=3
	 tw=1, th=11
	 default tile {
		 csty=0x6
		 prg=0x3
		 numlayers=8224
		 mct=20
		 comp 0 {
			 csty=0
			 numresolutions=33
			 cblkw=2^6
			 cblkh=2^5
			 cblksty=0x20
			 qmfbid=32
			 preccintsize (w,h)=(15,15) (15,15) (15,15) (15,15) (15,15) (15,15) (15,15) (15,15) (15,15) (15,15) (15,15) (15,15) (15,15) (15,15) (15,15) (15,15) (15,15) (15,15) (15,15) (15,15) (15,15) (15,15) (15,15) (15,15) (15,15) (15,15) (15,15) (15,15) (15,15) (15,15) (15,15) (15,15) (15,15) 
			 qntsty=0
			 numgbits=1
			 stepsizes (m,e)=(0,4) (0,4) (0,4) (0,4) (0,4) (0,4) (0,4) (0,4) (0,4) (0,4) (0,4) (0,4) (0,4) (0,4) (0,4) (0,4) (0,4) (0,4) (0,4) (0,4) (0,4) (0,4) (0,4) (0,4) (0,4) (0,4) (0,0) (0,0) (0,0) (0,0) (0,0) (0,0) (0,0) (0,0) (0,0) (0,0) (0,0) (0,0) (0,0) (0,0) (0,0) (0,0) (0,0) (0,0) (0,0) (0,0) (0,0) (0,0) (0,0) (0,0) (0,0) (0,0) (0,0) (0,0) (0,0) (0,0) (0,0) (0,0) (0,0) (0,0) (0,0) (0,0) (0,0) (0,0) (0,0) (0,0) (0,0) (0,0) (0,0) (0,0) (0,0) (0,0) (0,0) (0,0) (0,0) (0,0) (0,0) (0,0) (0,0) (0,0) (0,0) (0,0) (0,0) (0,0) (0,0) (0,0) (0,0) (0,0) (0,0) (0,0) (0,0) (0,0) (0,0) (0,0) (0,0) (0,0) (0,0) 
			 roishift=0
		 }
		 comp 1 {
			 csty=0
			 numresolutions=33
			 cblkw=2^6
			 cblkh=2^5
			 cblksty=0x20
			 qmfbid=32
			 preccintsize (w,h)=(15,15) (15,15) (15,15) (15,15) (15,15) (15,15) (15,15) (15,15) (15,15) (15,15) (15,15) (15,15) (15,15) (15,15) (15,15) (15,15) (15,15) (15,15) (15,15) (15,15) (15,15) (15,15) (15,15) (15,15) (15,15) (15,15) (15,15) (15,15) (15,15) (15,15) (15,15) (15,15) (15,15) 
			 qntsty=0
			 numgbits=1
			 stepsizes (m,e)=(0,4) (0,4) (0,4) (0,4) (0,4) (0,4) (0,4) (0,4) (0,4) (0,4) (0,4) (0,4) (0,4) (0,4) (0,4) (0,4) (0,4) (0,4) (0,4) (0,4) (0,4) (0,4) (0,4) (0,4) (0,4) (0,4) (0,0) (0,0) (0,0) (0,0) (0,0) (0,0) (0,0) (0,0) (0,0) (0,0) (0,0) (0,0) (0,0) (0,0) (0,0) (0,0) (0,0) (0,0) (0,0) (0,0) (0,0) (0,0) (0,0) (0,0) (0,0) (0,0) (0,0) (0,0) (0,0) (0,0) (0,0) (0,0) (0,0) (0,0) (0,0) (0,0) (0,0) (0,0) (0,0) (0,0) (0,0) (0,0) (0,0) (0,0) (0,0) (0,0) (0,0) (0,0) (0,0) (0,0) (0,0) (0,0) (0,0) (0,0) (0,0) (0,0) (0,0) (0,0) (0,0) (0,0) (0,0) (0,0) (0,0) (0,0) (0,0) (0,0) (0,0) (0,0) (0,0) (0,0) (0,0) 
			 roishift=0
		 }
		 comp 2 {
			 csty=0
			 numresolutions=33
			 cblkw=2^6
			 cblkh=2^5
			 cblksty=0x20
			 qmfbid=32
			 preccintsize (w,h)=(15,15) (15,15) (15,15) (15,15) (15,15) (15,15) (15,15) (15,15) (15,15) (15,15) (15,15) (15,15) (15,15) (15,15) (15,15) (15,15) (15,15) (15,15) (15,15) (15,15) (15,15) (15,15) (15,15) (15,15) (15,15) (15,15) (15,15) (15,15) (15,15) (15,15) (15,15) (15,15) (15,15) 
			 qntsty=0
			 numgbits=1
			 stepsizes (m,e)=(0,4) (0,4) (0,4) (0,4) (0,4) (0,4) (0,4) (0,4) (0,4) (0,4) (0,4) (0,4) (0,4) (0,4) (0,4) (0,4) (0,4) (0,4) (0,4) (0,4) (0,4) (0,4) (0,4) (0,4) (0,4) (0,4) (0,0) (0,0) (0,0) (0,0) (0,0) (0,0) (0,0) (0,0) (0,0) (0,0) (0,0) (0,0) (0,0) (0,0) (0,0) (0,0) (0,0) (0,0) (0,0) (0,0) (0,0) (0,0) (0,0) (0,0) (0,0) (0,0) (0,0) (0,0) (0,0) (0,0) (0,0) (0,0) (0,0) (0,0) (0,0) (0,0) (0,0) (0,0) (0,0) (0,0) (0,0) (0,0) (0,0) (0,0) (0,0) (0,0) (0,0) (0,0) (0,0) (0,0) (0,0) (0,0) (0,0) (0,0) (0,0) (0,0) (0,0) (0,0) (0,0) (0,0) (0,0) (0,0) (0,0) (0,0) (0,0) (0,0) (0,0) (0,0) (0,0) (0,0) (0,0) 
			 roishift=0
		 }
	 }
}
Codestream index from main header: {
	 Main header start position=0
	 Main header end position=96
	 Marker list: {
		 type=0xff4f, pos=0, len=2
		 type=0xff51, pos=2, len=49
		 type=0xff52, pos=51, len=14
		 type=0xff5c, pos=65, len=31
	 }
}
