Image info {
	 x0=0, y0=-268435457
	 x1=1, y1=-655359
	 numcomps=3
		 component 0 {
		 dx=1, dy=1
		 prec=33
		 sgnd=0
	}
		 component 1 {
		 dx=2, dy=1
		 prec=1
		 sgnd=1
	}
		 component 2 {
		 dx=2, dy=1
		 prec=16
		 sgnd=0
	}
}
Codestream info from main header: {
	 tx0=0, ty0=0
	 tdx=2, tdy=-268435200
	 tw=1, th=1
	 default tile {
		 csty=0
		 prg=0
		 numlayers=1
		 mct=0
		 comp 0 {
			 csty=0
			 numresolutions=29
			 cblkw=2^7
			 cblkh=2^5
			 cblksty=0
			 qmfbid=1
			 preccintsize (w,h)=(15,15) (15,15) (15,15) (15,15) (15,15) (15,15) (15,15) (15,15) (15,15) (15,15) (15,15) (15,15) (15,15) (15,15) (15,15) (15,15) (15,15) (15,15) (15,15) (15,15) (15,15) (15,15) (15,15) (15,15) (15,15) (15,15) (15,15) (15,15) (15,15) 
			 qntsty=0
			 numgbits=2
			 stepsizes (m,e)=(0,16) (0,0) (0,0) (0,0) (0,0) (0,0) (0,0) (0,0) (0,0) (0,0) (0,0) (0,0) (0,0) (0,0) (0,0) (0,0) (0,0) (0,0) (0,0) (0,0) (0,0) (0,0) (0,0) (0,0) (0,0) (0,0) (0,0) (0,0) (0,0) (0,0) (0,0) (0,0) (0,0) (0,0) (0,0) (0,0) (0,0) (0,0) (0,0) (0,0) (0,0) (0,0) (0,0) (0,0) (0,0) (0,0) (0,0) (0,0) (0,0) (0,0) (0,0) (0,0) (0,0) (0,0) (0,0) (0,0) (0,0) (0,0) (0,0) (0,0) (0,0) (0,0) (0,0) (0,0) (0,0) (0,0) (0,0) (0,0) (0,0) (0,0) (0,0) (0,0) (0,0) (0,0) (0,0) (0,0) (0,0) (0,0) (0,0) (0,0) (0,0) (0,0) (0,0) (0,0) (0,0) 
			 roishift=0
		 }
		 comp 1 {
			 csty=0
			 numresolutions=29
			 cblkw=2^7
			 cblkh=2^5
			 cblksty=0
			 qmfbid=1
			 preccintsize (w,h)=(15,15) (15,15) (15,15) (15,15) (15,15) (15,15) (15,15) (15,15) (15,15) (15,15) (15,15) (15,15) (15,15) (15,15) (15,15) (15,15) (15,15) (15,15) (15,15) (15,15) (15,15) (15,15) (15,15) (15,15) (15,15) (15,15) (15,15) (15,15) (15,15) 
			 qntsty=0
			 numgbits=2
			 stepsizes (m,e)=(0,16) (0,0) (0,0) (0,0) (0,0) (0,0) (0,0) (0,0) (0,0) (0,0) (0,0) (0,0) (0,0) (0,0) (0,0) (0,0) (0,0) (0,0) (0,0) (0,0) (0,0) (0,0) (0,0) (0,0) (0,0) (0,0) (0,0) (0,0) (0,0) (0,0) (0,0) (0,0) (0,0) (0,0) (0,0) (0,0) (0,0) (0,0) (0,0) (0,0) (0,0) (0,0) (0,0) (0,0) (0,0) (0,0) (0,0) (0,0) (0,0) (0,0) (0,0) (0,0) (0,0) (0,0) (0,0) (0,0) (0,0) (0,0) (0,0) (0,0) (0,0) (0,0) (0,0) (0,0) (0,0) (0,0) (0,0) (0,0) (0,0) (0,0) (0,0) (0,0) (0,0) (0,0) (0,0) (0,0) (0,0) (0,0) (0,0) (0,0) (0,0) (0,0) (0,0) (0,0) (0,0) 
			 roishift=0
		 }
		 comp 2 {
			 csty=0
			 numresolutions=29
			 cblkw=2^7
			 cblkh=2^5
			 cblksty=0
			 qmfbid=1
			 preccintsize (w,h)=(15,15) (15,15) (15,15) (15,15) (15,15) (15,15) (15,15) (15,15) (15,15) (15,15) (15,15) (15,15) (15,15) (15,15) (15,15) (15,15) (15,15) (15,15) (15,15) (15,15) (15,15) (15,15) (15,15) (15,15) (15,15) (15,15) (15,15) (15,15) (15,15) 
			 qntsty=0
			 numgbits=2
			 stepsizes (m,e)=(0,16) (0,0) (0,0) (0,0) (0,0) (0,0) (0,0) (0,0) (0,0) (0,0) (0,0) (0,0) (0,0) (0,0) (0,0) (0,0) (0,0) (0,0) (0,0) (0,0) (0,0) (0,0) (0,0) (0,0) (0,0) (0,0) (0,0) (0,0) (0,0) (0,0) (0,0) (0,0) (0,0) (0,0) (0,0) (0,0) (0,0) (0,0) (0,0) (0,0) (0,0) (0,0) (0,0) (0,0) (0,0) (0,0) (0,0) (0,0) (0,0) (0,0) (0,0) (0,0) (0,0) (0,0) (0,0) (0,0) (0,0) (0,0) (0,0) (0,0) (0,0) (0,0) (0,0) (0,0) (0,0) (0,0) (0,0) (0,0) (0,0) (0,0) (0,0) (0,0) (0,0) (0,0) (0,0) (0,0) (0,0) (0,0) (0,0) (0,0) (0,0) (0,0) (0,0) (0,0) (0,0) 
			 roishift=0
		 }
	 }
}
Codestream index from main header: {
	 Main header start position=85
	 Main header end position=156
	 Marker list: {
		 type=0xff4f, pos=85, len=2
		 type=0xff51, pos=87, len=49
		 type=0xff52, pos=136, len=14
		 type=0xff5c, pos=150, len=6
	 }
}
