image {
  x0=0, y0=0, x1=479, y1=203
  numcomps=3
  comp 0 {
    dx=1, dy=1
    prec=8
    sgnd=0
  }
  comp 1 {
    dx=1, dy=1
    prec=8
    sgnd=0
  }
  comp 2 {
    dx=1, dy=1
    prec=8
    sgnd=0
  }
}
coding parameters {
  tx0=0, ty0=0
  tdx=256, tdy=203
  tw=2, th=1
  tile 0 {
    csty=0
    prg=1
    numlayers=1
    mct=0
    rates=0.0 
    comp 0 {
      csty=0
      numresolutions=6
      cblkw=5
      cblkh=5
      cblksty=0
      qmfbid=1
      qntsty=0
      numgbits=2
      roishift=0
      stepsizes=(0,8) (0,9) (0,9) (0,10) (0,9) (0,9) (0,10) (0,9) (0,9) (0,10) (0,9) (0,9) (0,10) (0,9) (0,9) (0,10) 
    }
    comp 1 {
      csty=0
      numresolutions=1089
      cblkw=0
      cblkh=0
      cblksty=6
      qmfbid=5
      qntsty=5
      numgbits=0
      roishift=0
      stepsizes=(1,0) (8,0) (9,0) (9,0) (10,0) (9,0) (9,0) (10,0) (9,0) (9,0) (10,0) (9,0) (9,0) (10,0) (9,0) (9,0) (10,0) (0,0) (0,0) (0,0) (0,0) (0,0) (0,0) (0,0) (0,0) (0,0) (0,0) (0,0) (0,0) (0,0) (0,0) (0,0) (0,0) (0,0) (0,0) (0,0) (0,0) (0,0) (0,0) (0,0) (0,0) (0,0) (0,0) (0,0) (0,0) (0,0) (0,0) (0,0) (0,0) (0,0) (0,0) (0,0) (0,0) (0,0) (0,0) (0,0) (0,0) (0,0) (0,0) (0,0) (0,0) (0,0) (0,0) (0,0) (0,0) (0,0) (0,0) (0,0) (0,0) (0,0) (0,0) (0,0) (0,0) (0,0) (0,0) (0,0) (0,0) (0,0) (0,0) (0,0) (0,0) (0,0) (0,0) (0,0) (0,0) (0,0) (0,0) (0,0) (0,0) (0,0) (0,0) (0,0) (0,0) (0,0) (0,0) (0,0) (0,0) (0,0) (2,0) (0,0) (0,0) (0,0) (0,0) (0,0) (0,0) (0,0) (0,0) (0,0) (0,0) (0,0) (0,0) (0,0) (0,0) (0,0) (0,0) (0,0) (0,0) (0,0) (0,0) (0,0) (0,0) (0,0) (0,0) (0,0) (0,0) (0,0) (0,0) (0,0) (0,0) (0,0) (0,0) (0,0) (0,0) (0,33) (0,0) (0,0) (0,0) (0,33) (6592,13734) (0,0) (0,0) (0,32305) (32568,1028605400) (32568,1028605400) (0,22971584) (0,22971584) (0,22971696) (0,22956880) (0,22926208) (0,22972584) (0,22962616) (356702327,1) (-1306620671,-2016583094) (0,1889) (0,22974880) (32568,1028603544) (0,0) (0,0) (32568,1028604728) (32568,1028604728) (0,22971712) (0,22971712) (323141041,-1809633843) (-937999872,-1733695000) (1478064574,1407359733) (-809221914,984839629) (1237928912,1604199188) (-330619457,874516774) (529468116,502862945) (-454514066,622101607) (-1409267758,-451937524) (-1306010102,-1430174766) (1050754303,-2145685183) (1776382907,512679322) (-613632623,41626914) (-738395688,2084654814) (-1229530084,-1525888293) (-18453869,-989178023) (1703347246,2028536484) (-1615871281,1474440015) (1866385782,-2061542523) (-50937582,2106416627) (269488469,486971708) (1372677058,-55864068) (-800324117,-822021953) (960243926,199385257) (1666079341,-2095170894) (1203499440,-1490955994) (702445106,807538225) (232415086,345470146) (-857961760,-831995873) (1842945302,929995138) (-1293624941,-1382069738) (1744783457,-1203202788) (2051953013,224990019) (880909049,871435038) (-515060286,-374616104) (-902100531,-602454851) (-715331520,-1052385947) (1744392586,-485761270) (1982023791,838587328) (2035688969,-217739013) (-1488185914,-927336140) (1725420177,88060511) (-485948887,1433920887) (1955058217,570471515) (-220026549,-1141088094) (811047839,-1008995384) (-414830949,384054963) (-2139941590,-312205091) (1093601165,585353441) (-973160335,-1584729933) (-1775031263,-1954551333) (-811592980,616750764) (905498320,-44827619) (-1777887152,-1706578638) (-824023077,819101821) (143169512,2132715309) (1011824693,895835533) (-32297063,-264069877) (-1109692861,496101501) (-1533662857,353068356) (-1047737847,-1938542835) (682667472,-1674803890) (34187847,-1623146104) (-758697328,1737160798) (-363780533,-635880596) (-1533833051,-1033774745) (298112271,-1026485414) (-1654302679,1187636583) (1052988167,-481598031) (973102771,620059772) (508940206,-19572357) (2087173756,-2011776603) (1366392637,479789792) (-275457797,1824627743) (-473111426,368361892) (186353532,-254301481) (-102343238,927697109) (-1731718464,516544193) (108969424,1332995690) (1739310578,-679202606) (475981957,1709998601) (-1514091906,-1044653038) (1899260159,1785843547) (-575596499,-1078964777) (274886936,843905011) (-17413965,-1336808656) (-349977163,-1679917445) (0,465) (32568,1028603992) (32568,1028603992) (1346954316,-1504249988) (1403386510,1871330576) (-659521490,-1180226896) (-578059195,-624646465) (707342191,-207083014) (-856914516,-1222572173) (-473634379,-1965317185) (-159485679,-762834357) (-480212692,1225376311) (-1225856215,1515446882) (1260867949,-1973765156) (1773960043,1194362796) (-306291684,-795712633) (0,256) (203,479) (0,1) (0,22973520) (287423829,54965257) (1773600171,-1623736467) (-1710327813,130741640) (1176767188,1696848394) (-737727020,-2028410173) (1671012682,-2078071764) (974545336,-2056207870) (1776889564,-1116034338) (356702327,836239468) (-1306620671,-2016583094) (579022873,1666630531) (1962827460,1149648303) (1996980617,1507039365) (2010826599,-1896102002) (1317806247,2108162879) (-685655180,-1527591247) (130019852,1279679924) (-1353563874,-999958532) (-1409439270,1073542453) (323141041,-1809633843) (-937999872,-1733695000) (1478064574,1407359733) (-809221914,984839629) (1237928912,1604199188) (-330619457,874516774) (529468116,502862945) (-454514066,622101607) (-1409267758,-451937524) (-1306010102,-1430174766) (1050754303,-2145685183) (1776382907,512679322) (-613632623,41626914) (-738395688,2084654814) (-1229530084,-1525888293) (-18453869,-989178023) (1703347246,2028536484) (0,1474440015) (0,1328) (0,5184) (-1893229796,213942751) (-1943314994,-1974477185) (417309419,-943475084) (-1778990063,-1965927459) (-498831480,-434231779) (-1673059091,-1469196474) (-398252645,-1408859175) (-1265687062,-1011701485) (932420119,543760286) (-1597956765,1035387632) (-1997940391,894204439) (1174502205,1177887845) (867069746,759469292) (356839351,1866877804) (1360472266,-1917876873) (-475484722,-783093814) (481776870,821685085) (-141215912,1311527755) (-767949898,-649182439) (-935735412,-2124021807) (1739864184,2074204258) (352161954,630184944) (1071897287,-398628322) (1285432064,-1350707193) (1680194189,1018652657) (876851398,1896723520) (2120910588,561139121) (-423012671,1362400593) (1632370491,-1522579230) (1873852341,1986162384) (-373865282,167860161) (1959289045,644039678) (-2099752740,1511158764) (-367798302,854371075) (-871333769,119036344) (-1115902359,1311265769) (-1494222254,-1160292910) (639900056,608861795) (102321089,-706943589) (688945444,-1983146811) (-556936918,-1325304073) (-612748096,495021873) (-1311096349,-1374305427) (-1640264637,-1683157055) (802425055,-1832497668) (-558880923,595323684) (-1497451041,-373962154) (-830808787,-1465957481) (817523527,-2078376546) (-17413965,21507114) (-349977163,-1679917445) (-9268403,-706628187) (1192451906,1773506847) (-948756786,380421782) (1346954316,-1504249988) (1403386510,1871330576) (-659521490,-1180226896) (-578059195,-624646465) (707342191,-207083014) (-856914516,-1222572173) (-473634379,-1965317185) (-159485679,-762834357) (-480212692,1225376311) (-1225856215,1515446882) (0,1760) (0,64) (0,0) (7,15) (1,1) (0,23003424) (0,23004400) (0,23001904) (0,0) (0,65) (0,23004064) (0,22974256) (0,6) (0,23000976) (0,23046832) (0,0) (0,1984) (0,128) (0,0) (2,2) (0,0) (0,22973680) (2,2) (0,0) (0,22973680) (3,3) (0,0) (0,22973680) (2,2) (0,0) (0,0) (2,2) (0,0) (0,30193) (32568,1028603544) (32568,1028603544) (0,0) (0,0) (5,8) (0,275) (-1697285670,1) (0,23007184) (0,22988944) (0,96) (32,120) (3,8) (0,113) (6,1) (0,22993648) (0,22988992) (32,64) (51,96) (3,8) (0,78) (0,1) (0,23008096) (0,22989040) (32,96) (51,120) (3,8) (0,56) (13,1) (0,240) (0,32) (0,22974096) (32568,5) (0,272) (0,128) (0,22974128) (0,0) (0,0) (0,22974080) (0,0) (0,0) (0,22974080) (0,0) (0,0) (0,22974080) (0,0) (0,0) (0,0) (0,0) (0,0) (0,33) (32568,1028603544) (0,23004064) (0,432) (0,128) (0,23004160) (2,2) (0,0) (0,22974240) (2,2) (0,0) (0,22974240) (2,2) (0,0) (0,22974240) (2,2) (0,0) (0,0) (2,2) (0,0) (0,29633) (0,22971584) (32568,1028603544) (0,0) (0,0) (0,22974576) (0,22974736) (33439974,3) (0,273) (0,22971680) (0,22974720) (0,64) (32,96) (5,8) (0,289) (102,1) (0,23010880) (0,22989136) (0,96) (32,120) (3,9) (0,117) (0,1) (0,23011824) (0,22989184) (32,64) (51,96) (3,8) (0,86) (-1693580342,1) (0,23012528) (0,22989232) (32,96) (51,120) (3,9) (0,61) (0,1) (0,240) (0,32) (0,22974720) (32568,5) (0,336) (0,128) (0,22974752) (0,0) (0,0) (0,22974704) (0,0) (0,0) (0,22974704) (0,0) (0,0) (0,22974704) (0,0) (0,0) (0,0) (0,0) (0,0) (0,33) (32568,1028603544) (0,22973696) (0,496) (0,128) (0,22973968) (3,3) (0,0) (0,22974864) (2,2) (0,0) (0,22974864) (3,3) (0,0) (0,22974864) (2,2) (0,0) (0,0) (2,2) (0,0) (0,29009) (0,23004064) (0,22971584) (0,0) (0,0) (0,22975872) (0,22976416) (0,128) (0,27009) (0,22973504) (32568,1028603544) (0,0) (0,0) (-128,-128) (-128,-128) (-128,-128) (-128,-128) (-128,-128) (-128,-128) (-128,-128) (-128,-128) (-128,-128) (-128,-128) (-128,-128) (-128,-128) (-128,-128) (-128,-128) (-128,-128) (-128,-128) (-128,-128) (-128,-128) (-128,-128) (-128,-128) (-128,-128) (-128,-128) (-128,-128) (-128,-128) (-128,-128) (-128,-128) (-128,-128) (-128,-128) (-128,-128) (-128,-128) (-128,-128) (-128,-128) (-128,-128) (-128,-128) (-128,-128) (-128,-128) (-128,-128) (-128,-128) (-128,-128) (-128,-128) (-128,-128) (-128,-128) (-128,-128) (-128,-128) (-128,-128) (-128,-128) (-128,-128) (-128,-128) (-128,-128) (-128,-128) (-128,-128) (-128,-128) (-128,-128) (-128,-128) (-128,-128) (-128,-128) (-128,-128) (-128,-128) (-128,-128) (-128,-96) (69,-128) (-128,-110) (-128,-128) (-128,-128) (-128,-128) (-128,-128) (-128,-128) (-128,-128) (-128,-128) (-128,-128) (-128,-128) (-128,-128) (-128,-128) (-128,-128) (-128,-128) (-128,-128) (-128,-128) (-128,-128) (-128,-128) (-128,-128) (-128,-128) (-128,-128) (-128,-128) (-128,-128) (-128,-128) (-128,-128) (-128,-128) (-128,-128) (-128,-128) (-128,-128) (-128,-128) (-128,-128) (-128,-128) (-128,-128) (-128,-128) (-128,-128) (-128,-128) (0,-128) (0,0) (0,0) (0,0) (0,0) (0,0) (0,0) (0,0) (0,0) (0,0) (0,0) (0,912) (0,32) (0,22976400) (32568,21) (0,22975904) (0,513) (0,22976432) (32568,1028604040) (0,0) (0,22976288) (1,999) (0,0) (0,22976312) (1,999) (0,0) (0,22976312) (1,999) (0,0) (0,22976288) (0,0) (0,0) (0,22976288) (0,0) (0,0) (0,22976312) (0,0) (0,0) (0,22976312) (0,0) (0,0) (0,22976336) (0,0) (0,0) (0,22976336) (0,0) (0,0) (0,22976360) (0,0) (0,0) (0,22976360) (0,0) (0,0) (0,22976336) (1,999) (0,0) (0,22976336) (1,999) (0,0) (0,22976360) (1,999) (0,0) (0,22976360) (1,999) (0,0) (0,22976384) (0,0) (0,0) (0,22976384) (0,0) (0,0) (0,22976384) (0,0) (0,0) (0,22976384) (0,0) (0,0) (0,0) (0,0) (0,1456) (0,32) (0,22974560) (32568,21) (0,22976448) (0,513) (32568,1028604040) (32568,1028604040) (0,0) (0,22976832) (0,999) (0,0) (0,22976856) (0,999) (0,0) (0,22976856) (0,999) (0,0) (0,22976832) (2,2) (0,0) (0,22976832) (2,2) (0,0) (0,22976856) (2,2) (0,0) (0,22976856) (2,2) (0,0) (0,22976880) (2,2) (0,0) (0,22976880) (2,2) (0,0) (0,22976904) (2,2) (0,0) (0,22976904) (2,2) (0,0) (0,22976880) (0,999) (0,0) (0,22976880) (0,999) (0,0) (0,22976904) (0,999) (0,0) (0,22976904) (0,999) (0,0) (0,22976928) (2,2) (0,0) (0,22976928) (2,2) (0,0) (0,22976928) (2,2) (0,0) (0,22976928) (2,2) (0,0) (0,0) (2,2) (0,2000) (0,64) (0,22974880) (101,240) (4,4) (0,22977024) (0,22977936) (0,22978480) (0,22977024) (0,24945) (0,22973504) (32568,1028603544) (0,0) (0,0) (0,192) (0,64) (0,0) (0,0) (0,0) (0,160) (32,192) (0,22977536) (0,94191374) (0,0) (0,0) (0,0) (0,192) (32,224) (6,8) (0,585) (564671903,0) (0,0) (0,0) (0,224) (32,240) (5,8) (0,326) (1946036137,0) (0,23025200) (0,23013360) (32,128) (64,160) (5,8) (0,367) (-1458335748,1) (0,23028144) (0,23013408) (32,160) (64,192) (5,8) (0,365) (1702163066,1) (0,23031072) (0,23013456) (32,192) (64,224) (4,8) (0,223) (0,1) (0,23032864) (0,23013504) (32,224) (64,240) (3,8) (0,73) (0,1) (0,23033456) (0,23013552) (64,128) (96,160) (3,8) (0,103) (0,1) (0,23034288) (0,23013600) (64,160) (96,192) (3,8) (0,98) (2,1) (0,23035088) (0,23013648) (64,192) (96,224) (3,8) (0,88) (0,1) (0,23035808) (0,23013696) (64,224) (96,240) (3,8) (0,39) (0,1) (0,0) (0,0) (96,128) (101,160) (0,22978000) (0,22978160) (-344220608,0) (0,0) (0,0) (96,160) (101,192) (32,32) (0,8) (0,0) (0,0) (0,0) (96,192) (101,224) (32,64) (0,8) (0,0) (0,0) (0,0) (96,224) (101,240) (51,32) (0,8) (0,0) (0,912) (0,32) (0,22978464) (32568,21) (0,22977968) (0,513) (0,22978496) (32568,1028604040) (0,0) (0,22978352) (1,999) (0,0) (0,22978376) (1,999) (0,0) (0,22978376) (1,999) (0,0) (0,22978352) (0,0) (0,0) (0,22978352) (0,0) (0,0) (0,22978376) (0,0) (0,0) (0,22978376) (0,0) (0,0) (0,22978400) (0,0) (0,0) (0,22978400) (0,0) (0,0) (0,22978424) (0,0) (0,0) (0,22978424) (0,0) (0,0) (0,22978400) (1,999) (0,0) (0,22978400) (1,999) (0,0) (0,22978424) (1,999) (0,0) (0,22978424) (1,999) (0,0) (0,22978448) (0,0) (0,0) (0,22978448) (0,0) (0,0) (0,22978448) (0,0) (0,0) (0,22978448) (0,0) (0,0) (0,0) (0,0) (0,1456) (0,32) (0,22975856) (32568,21) (0,22978512) (0,513) (0,22975888) (32568,1028604040) (0,0) (0,22978896) (0,999) (0,0) (0,22978920) (0,999) (0,0) (0,22978920) (0,999) (0,0) (0,22978896) (2,2) (0,0) (0,22978896) (2,2) (0,0) (0,22978920) (2,2) (0,0) (0,22978920) (2,2) (0,0) (0,22978944) (2,2) (0,0) (0,22978944) (2,2) (0,0) (0,22978968) (2,2) (0,0) (0,22978968) (2,2) (0,0) (0,22978944) (0,999) (0,0) (0,22978944) (0,999) (0,0) (0,22978968) (0,999) (0,0) (0,22978968) (0,999) (0,0) (0,22978992) (2,2) (0,0) (0,22978992) (2,2) (0,0) (0,22978992) (2,2) (0,0) (0,22978992) (2,2) (0,0) (0,0) (2,2) (0,2000) (0,64) (0,22976944) (101,239) (4,4) (0,22979088) (0,22980000) (0,22980544) (0,23048224) (0,22881) (0,23004384) (0,23003296) (0,0) (0,0) (0,23056512) (0,23048272) (0,0) (0,0) (0,0) (0,160) (32,192) (0,0) (0,0) (0,0) (0,0) (0,0) (0,192) (32,224) (0,23057264) (0,23048320) (32,0) (0,0) (0,0) (0,224) (32,239) (0,23058464) (0,23048368) (32,0) (0,23036128) (0,23013744) (32,128) (64,160) (5,9) (0,349) (32,1) (0,23038928) (0,23013792) (32,160) (64,192) (5,9) (0,365) (32,1) (0,23041856) (0,23013840) (32,192) (64,224) (4,8) (0,201) (64,1) (0,23043472) (0,23013888) (32,224) (64,239) (3,8) (0,69) (64,1) (0,23044032) (0,23013936) (64,128) (96,160) (3,9) (0,102) (64,1) (0,23044864) (0,23013984) (64,160) (96,192) (3,8) (0,95) (64,1) (0,23045632) (0,23014032) (64,192) (96,224) (3,8) (0,83) (96,1) (0,23046304) (0,23014080) (64,224) (96,239) (3,8) (0,38) (96,1) (0,0) (0,0) (96,128) (101,160) (0,0) (0,0) (96,0) (0,0) (0,0) (96,160) (101,192) (0,0) (0,0) (96,0) (0,0) (0,0) (96,192) (101,224) (0,912) (0,32) (0,0) (0,0) (0,0) (96,224) (101,239) (0,23000960) (0,0) (0,0) (0,912) (0,32) (0,22980528) (32568,21) (0,22980032) (0,513) (0,22977952) (32568,1028604040) (0,0) (0,22980416) (1,999) (0,0) (0,22980440) (1,999) (0,0) (0,22980440) (1,999) (0,0) (0,22980416) (0,0) (0,0) (0,22980416) (0,0) (0,0) (0,22980440) (0,0) (0,0) (0,22980440) (0,0) (0,0) (0,22980464) (0,0) (0,0) (0,22980464) (0,0) (0,0) (0,22980488) (0,0) (0,0) (0,22980488) (0,0) (0,0) (0,22980464) (1,999) (0,0) (0,22980464) (1,999) (0,0) (0,22980488) (1,999) (0,0) (0,22980488) (1,999) (0,0) (0,22980512) (0,0) (0,0) (0,22980512) (0,0) (0,0) (0,22980512) (0,0) (0,0) (0,22980512) (0,0) (0,0) (0,0) (0,0) (0,1456) (0,32) (0,22977920) (32568,21) (0,22980576) (0,21329) (32568,1028605368) (32568,1028605368) (0,22980560) (0,22980560) (0,999) (0,0) (0,22980984) (0,999) (0,0) (0,22980984) (0,999) (0,0) (0,22980960) (2,2) (0,0) (0,22980960) (2,2) (0,0) (0,22980984) (3,3) (0,0) (0,22980984) (3,3) (0,0) (0,22981008) (2,2) (0,0) (0,22981008) (3,3) (0,0) (0,22981032) (3,3) (0,0) (0,22981032) (3,3) (0,0) (0,22981008) (0,999) (0,0) (0,22981008) (0,999) (0,0) (0,22981032) (0,999) (0,0) (0,22981032) (0,999) (0,0) (0,22981056) (2,2) (0,0) (0,22981056) (3,3) (0,0) (0,22981056) (2,2) (0,0) (0,22981056) (3,3) (0,0) (0,0) (2,2) (0,0) (0,19889) (0,22974944) (0,22976432) (0,0) (0,0) (0,0) (0,23046624) (0,22981552) (0,22983296) (0,23227936) (5,15) (1156,1024) (1,17) (1,6) (0,13169) (0,22979072) (0,22974944) (0,0) (0,0) (0,0) (0,0) (0,0) (-31,-25) (-85,-5) (-7,-61) (-41,0) (-19,-35) (-63,-77) (-87,-9) (21,-11) (-3,-19) (0,11) (0,-101) (0,0) (0,0) (0,0) (0,0) (0,0) (0,0) (0,0) (0,145) (32568,1028603672) (32568,1028603672) (15,15) (1,1) (15,15) (1,1) (15,15) (1,1) (15,15) (1,1) (15,15) (1,1) (0,0) (0,33) (0,22981072) (32568,1028603544) (0,352) (0,48) (0,23014064) (32568,1028603576) (0,22996930) (0,2432) (0,48) (0,7105) (0,23014112) (32568,1028603544) (0,0) (0,0) (0,0) (0,0) (0,0) (0,0) (0,0) (0,0) (0,0) (0,0) (0,0) (0,0) (0,0) (0,0) (0,0) (0,0) (0,0) (0,0) (0,0) (0,0) (0,0) (0,0) (0,0) (0,0) (0,0) (0,0) (0,0) (0,0) (0,0) (0,0) (0,0) (0,0) (0,0) (0,0) (0,0) (0,0) (0,0) (0,0) (0,0) (0,0) (0,0) (0,0) (0,0) (0,0) (0,0) (0,0) (0,0) (0,0) (0,0) (0,0) (0,0) (0,0) (0,0) (0,0) (0,0) (0,0) (0,0) (0,0) (0,0) (0,0) (0,0) (0,0) (0,0) (0,0) (0,0) (0,0) (0,0) (0,0) (0,0) (0,0) (0,0) (0,0) (0,0) (0,0) (263232,131072) (0,0) (0,0) (0,0) (0,0) (0,0) (71434242,0) (107349062,71697478) (71696454,214307910) (71696450,393284) (4587590,4587590) (4,4456518) (0,0) (0,0) (1055276774,912392738) (1022246902,1055342310) (15088838,887504614) (820394214,820392550) (818295014,887502054) (0,262340) (0,0) (863175203,0) (1006582783,1073692671) (1073691391,1006582783) (838808823,955201790) (956249855,855585023) (8656076,889076991) (0,0) (0,0) (1040136191,863174691) (838808063,905919999) (855587327,838808575) (855585023,1023350015) (1056912127,1006580223) (71697478,214833374) (71697474,394308) (913506339,263236) (1023360767,469710847) (838807807,822033663) (1023357951,855586047) (822030847,822032639) (854473726,905918463) (182852806,988167910) (142884036,1055274598) (1073692159,913506851) (956250367,1073690623) (1023358207,855585023) (889142527,905918463) (1040135935,855585023) (1006581247,939474175) (1073689591,1055863294) (930152995,143408604) (1039875007,989412287) (922431679,889010687) (1002126013,1056782335) (855587071,1023360763) (1056784127,1073690623) (821900287,955988415) (143407576,867908541) (286853561,286327329) (815348409,825820089) (966343609,305728185) (431567673,54069657) (1001993145,314120377) (809044409,966343609) (20512921,295243961) (17825793,8917272) (17891337,1048585) (17891337,18350105) (65544,18350361) (1638425,18415889) (18350361,18415897) (1572889,1114121) (524304,65544) (0,0) (0,0) (0,0) (0,0) (0,0) (0,0) (0,0) (0,0) (0,0) (0,0) (0,0) (0,0) (0,0) (0,0) (0,0) (0,0) (0,0) (0,0) (0,0) (0,0) (0,0) (0,0) (0,0) (0,0) (0,0) (0,0) (0,0) (0,0) (0,0) (0,0) (0,0) (0,0) (0,0) (0,0) (0,0) (0,0) (0,0) (0,0) (0,0) (0,0) (0,0) (0,0) (0,0) (0,0) (0,0) (0,0) (0,0) (0,0) (0,0) (0,0) (0,0) (0,0) (0,0) (0,0) (0,0) (0,0) (0,0) (0,0) (0,0) (0,0) (0,1696) (0,4112) (0,0) (0,0) (0,0) (0,0) (0,0) (0,0) (0,0) (0,0) (0,0) (0,0) (0,0) (0,0) (0,0) (0,0) (0,0) (0,0) (0,0) (0,0) (0,0) (0,0) (0,0) (0,0) (0,0) (0,0) (0,0) (0,0) (0,0) (0,0) (0,0) (0,0) (0,0) (0,0) (0,0) (0,0) (0,0) (0,0) (0,0) (0,0) (0,0) (0,0) (0,0) (0,0) (0,0) (0,0) (0,0) (0,0) (0,0) (0,0) (0,0) (0,0) (0,0) (0,0) (0,0) (0,0) (0,0) (0,0) (0,0) (0,0) (0,0) (0,0) (0,0) (0,0) (0,0) (0,0) (0,0) (0,0) (0,0) (0,0) (0,0) (0,0) (0,0) (0,0) (0,0) (0,0) (0,0) (0,0) (0,0) (0,0) (0,0) (0,0) (0,0) (0,0) (0,0) (0,0) (0,0) (0,0) (0,0) (0,0) (0,0) (0,0) (0,0) (0,0) (0,0) (0,0) (0,0) (0,0) (0,0) (0,0) (0,0) (0,0) (0,0) (0,0) (0,0) (0,0) (0,0) (0,0) (0,0) (0,0) (0,0) (0,0) (0,0) (0,0) (0,0) (0,0) (0,0) (0,0) (0,0) (0,0) (0,0) (0,0) (0,0) (0,0) (0,0) (0,0) (0,0) (0,0) (0,0) (0,0) (0,0) (0,0) (0,0) (0,0) (0,0) (0,0) (0,0) (0,0) (0,0) (0,0) (0,0) (0,0) (0,0) (0,0) (0,0) (0,0) (0,0) (0,0) (0,0) (0,0) (0,0) (0,0) (0,0) (0,0) (0,0) (0,0) (0,0) (0,0) (0,0) (0,0) (0,0) (0,0) (0,0) (0,0) (0,0) (0,0) (0,0) (0,0) (0,0) (0,0) (0,0) (0,0) (0,0) (0,0) (0,0) (0,0) (0,0) (0,0) (0,0) (0,0) (0,0) (0,0) (0,0) (0,0) (0,0) (0,0) (0,0) (0,0) (0,0) (0,0) (0,0) (0,0) (0,0) (0,0) (0,0) (0,0) (0,0) (0,0) (0,0) (0,0) (0,0) (0,0) (0,0) (0,0) (0,0) (0,0) (0,0) (0,0) (0,0) (0,0) (0,0) (0,0) (0,0) (0,0) (0,0) (0,0) (0,0) (0,0) (0,0) (0,0) (0,0) (0,0) (0,0) (0,0) (0,0) (0,0) (0,0) (0,0) (0,0) (0,0) (0,0) (0,0) (0,0) (0,0) (0,0) (0,0) (0,0) (0,0) (0,0) (0,0) (0,0) (0,0) (0,0) (0,0) (0,0) (0,0) (0,0) (0,0) (0,0) (0,0) (0,0) (0,0) (0,0) (0,0) (0,0) (0,0) (0,0) (0,0) (0,0) (0,0) (0,0) (0,0) (0,0) (0,0) (0,0) (0,0) (0,0) (0,0) (0,0) (0,0) (0,0) (0,0) (0,0) (0,0) (0,0) (0,0) (0,0) (0,0) (0,0) (0,0) (0,0) (0,0) (0,0) (0,0) (0,0) (0,0) (0,0) (0,0) (0,0) (0,0) (0,0) (0,0) (0,0) (0,0) (0,0) (0,0) (0,0) (0,0) (0,0) (0,0) (0,0) (0,0) (0,0) (0,0) (0,0) (0,0) (0,0) (0,0) (0,0) (0,0) (0,0) (0,0) (0,0) (0,0) (0,0) (0,0) (0,0) (0,0) (0,0) (0,0) (0,0) (0,0) (0,0) (0,0) (0,0) (0,0) (0,0) (0,0) (0,0) (0,0) (0,0) (0,0) (0,0) (0,0) (0,0) (0,0) (0,0) (0,0) (0,0) (0,0) (0,0) (0,0) (0,0) (0,0) (0,0) (0,0) (0,0) (0,0) (0,0) (0,0) (0,0) (0,0) (0,0) (0,0) (0,0) (0,0) (0,0) (0,0) (0,0) (0,0) (0,0) (0,0) (0,0) (0,0) (0,0) (0,0) (0,0) (0,0) (0,0) (0,0) (0,0) (0,0) (0,0) (0,0) (0,0) (0,0) (0,0) (0,0) (0,0) (0,0) (0,0) (0,0) (0,0) (0,0) (0,0) (0,0) (0,0) (0,0) (0,0) (0,0) (0,0) (0,0) (0,0) (0,0) (0,0) (0,0) (0,0) (0,0) (0,0) (0,0) (0,0) (0,0) (0,0) (0,0) (0,0) (0,0) (0,0) (0,0) (0,0) (0,0) (0,0) (0,0) (0,0) (0,0) (0,0) (0,0) (0,0) (0,0) (0,0) (0,0) (0,0) (0,0) (0,0) (0,0) (0,0) (0,0) (0,0) (0,0) (0,0) (0,0) (0,0) (0,0) (0,0) (0,0) (0,0) (0,0) (0,0) (0,0) (0,0) (0,0) (0,0) (0,0) (0,0) (0,0) (0,0) (0,0) (0,0) (0,0) (0,0) (0,0) (0,0) (0,0) (0,0) (0,0) (0,0) (0,0) (0,0) (0,0) (0,0) (0,0) (0,0) (0,0) (0,0) (0,0) (0,0) (0,0) (0,0) (0,0) (0,0) (0,0) (0,0) (0,0) (0,0) (0,0) (0,0) (0,0) (0,0) (0,0) (0,0) (0,0) (0,0) (0,0) (0,0) (0,0) (0,0) (0,0) (0,0) (0,0) (0,0) (0,0) (0,0) (0,0) (0,0) (0,0) (0,0) (0,0) (0,0) (0,0) (0,0) (0,0) (0,0) (0,0) (0,0) (0,0) (0,0) (0,0) (0,0) (0,0) (0,0) (0,0) (0,0) (0,0) (0,0) (0,0) (241166089,1494527135) (0,1297) (32568,1028604616) (32568,1028604616) (0,22987392) (0,22987392) (2037749284,1908879790) (599453973,-2131142884) (436440454,1248210296) (-85593704,1782734173) (-566178006,1994894452) (2068455456,-2100160992) (-315872474,-1597454167) (-476126513,-864442599) (-1661871889,1514352888) (1708514965,49714139) (1399690988,-1009007458) (1881651568,65021486) (-1303548530,2087865579) (-695077372,-189258549) (168991443,1531972478) (1293969963,-648806584) (-600053138,-753736402) (517293044,565262437) (432339929,1514221498) (-992496446,1763285243) (206945017,1856804326) (326971284,763451628) (-320205874,1097407587) (-129449438,-1898486335) (-810530077,1982930790) (-18778006,-1310913277) (-622016223,-1562458641) (-1427036628,-1206063553) (-261914892,2107808893) (-1688818310,-617846460) (1731243277,203311875) (683015887,-905372867) (-1310416379,310481039) (1356452192,1183095639) (46532345,1208687543) (1969747007,-1970012683) (1077929589,-874864145) (967277579,1041412719) (-1946379643,1171684557) (3104207,-1640047093) (916459382,1905372948) (-1864342598,-1354689554) (859290635,-1574170062) (882176347,-1408404791) (1228812523,-35571471) (-1557425136,-1351588134) (-991238410,1529215555) (954756594,1571779607) (-1802385783,1860910122) (794390130,-212810683) (369877477,1020292492) (-807970992,1456006249) (742199688,-544484085) (1466096786,1030123962) (-470040472,971486235) (1242657329,-1145596593) (-1644824184,-394425194) (2002001667,2099564519) (1833757654,-1556302746) (-1819396135,-888647507) (-388903915,1827144290) (-1849420875,146380669) (1315205122,1988332885) (265382983,-1956674832) (1325606757,187242321) (937276731,-971283201) (1222716281,-534288729) (592252492,-1573307045) (760735395,725492460) (-93150064,-962655281) (-1528266580,-1450020175) (1392340992,1759167092) (-1721640965,-2053479894) (-440746778,1051415885) (451300986,-986222599) (538468923,605836718) (-76083537,-1633934879) (-127832812,879085007) (1693914882,224101657) (491614573,-1559850079) (1337471222,-1033053461) (-473707778,1914639465) (-1378304082,1146086981) (803746738,-30886780) (-473645831,-1173346624) (-2143880777,-422863841) (1453478720,1545154807) (-1116570149,633072576) (-666909812,-1689724620) (-1152382858,1484613297) (1042076400,-381888563) (-223985754,152490154) (1283937243,-126849823) (26783563,257931839) (-155446482,99917340) (-1567987148,2082742919) (346410242,1119331690) (-95305436,1184429004) (450213824,-634638473) (1179643253,-2008568970) (-1960707541,-2128773352) (-79622802,-1466449962) (-1148942761,1173090989) (1442974821,-1446468858) (485575344,-1497407807) (-1051537578,-2042074088) (445916510,-833176841) (470430,-877152892) (187519771,1953141282) (459003904,-49946008) (922748906,1841390903) (-1373226831,-38137933) (-166807446,1115720643) (-566735602,-1594952987) (872905597,-1099070132) (150647653,-877934196) (825070081,106671747) (451116065,335690378) (388645632,243327605) (-1986229571,1035511724) (-1307924664,-1159783985) (-1926812452,1219145938) (-164380407,975111087) (-309064358,-142995059) (1893225884,-158934592) (-1883785921,478155328) (1873716654,1272525809) (1853619996,1087991759) (-692811738,-765544884) (-1154688950,-1026041932) (-1234636962,222006922) (2042281647,602370209) (-214430879,93796784) (999323929,596399777) (717301025,2044414922) (-301131061,-1304477839) (-2051996173,-2006313976) (-1990091362,-318577142) (-1151782125,290110642) (1029091479,-418535936) (1379519599,512457616) (-1999691094,702842102) (1147777987,1520705053) (-516148780,-278981147) (1782325194,-269934614) (-829019142,-1132842837) (761287337,1450165228) (606936514,-1133095071) (137633321,604808969) (1623545893,1661535358) (-1896705835,964617564) (-5915456,1455328601) (888656567,1495548211) (1918371920,-1969839500) (-1361292067,-1014045371) (-1195191173,-1201442610) (0,7504) (0,48) (0,0) (22,0) (109,265) (265,22) (-807638446,1960493702) (0,5617) (0,23004960) (32568,1028603544) (0,0) (0,0) (-678928683,-683680518) (0,5569) (0,23004960) (32568,1028603544) (0,0) (0,0) (1966433758,794604980) (0,5521) (0,23004960) (32568,1028603544) (0,0) (0,0) (1198429013,720633006) (0,5473) (0,23004960) (32568,1028603544) (0,0) (0,0) (187846777,-1987600956) (0,5425) (0,23004960) (32568,1028603544) (0,0) (0,0) (-74759549,2018146225) (0,5377) (0,23004960) (32568,1028603544) (0,0) (0,0) (1028272276,1441200194) (0,5329) (0,23004960) (32568,1028603544) (0,0) (0,0) (632843945,1565115116) (0,5281) (0,23004960) (32568,1028603544) (0,0) (0,0) (-965965455,-728598777) (0,5233) (0,23004960) (32568,1028603544) (0,0) (0,0) (-2023622544,2140460017) (0,5185) (0,23004960) (32568,1028603544) (0,0) (0,0) (1345682612,-1307233150) (0,5137) (0,23004960) (32568,1028603544) (0,0) (0,0) (625053302,-547623862) (0,5089) (0,23004960) (32568,1028603544) (0,0) (0,0) (1755328546,-457958266) (214694876,1699156980) (1879063285,-1776796239) (-900453015,595491863) (-980642337,2019147574) (1905056070,-1722454764) (-217735465,231062699) (-161867157,-1648156947) (-1694647918,2023436366) (-933264689,230419767) (795771929,549979823) (123808045,239463590) (1811682999,1526457825) (2061459340,260093253) (-575209334,-937734793) (-1735533540,-301537480) (2023453048,-1086571916) (1669780550,416367672) (-67202575,953973660) (2068219634,-1116184642) (717597674,1462737263) (1424817189,-1867867398) (687854974,1048415288) (-920646772,-1321743261) (-295379951,506398336) (1522592879,268546972) (-744893617,-1873674488) (1929812989,-452163141) (874178816,-109061193) (-2026434464,-192123025) (-521582343,1346817719) (815616860,-1745572547) (-1877540112,-1301559038) (2034125949,1940643848) (1915719695,1443773347) (804997554,-48138296) (1038077281,-1161385360) (-612009319,-46128876) (1244452180,409572996) (-246338323,-355225481) (545057672,-1106204535) (719248197,1325391509) (312756730,-1943281902) (1222857917,1507896921) (-692878108,-2058752953) (-89937843,-1844146734) (-1601911806,-1310094076) (-1035364474,1779864918) (-560809901,-624908784) (1639458998,917051681) (634485145,2008697725) (1330924114,502461723) (-417430737,-1785202212) (-282482026,66578622) (647452878,-1564208513) (1391006657,177761118) (1609585007,-1047631916) (-1355908508,-1045026312) (1314529660,-228216923) (-237122810,-1788419265) (-1340098513,437804989) (-1677405436,-170404850) (-1607604462,1759760811) (1869473426,-298828313) (-606798535,1972479705) (-1127447061,711424955) (-1001386364,1178158525) (1003495025,1969953581) (-1075195124,1663486837) (-2029070866,-475833722) (-2097863049,-1821992842) (-325591951,275478434) (1943126071,-693965954) (2057208717,-1441269081) (-1794919862,-1337432939) (-333704338,-2029644188) (1934593103,-923874122) (130916564,-1186820854) (508568990,392975764) (-602739284,-1995209428) (-459042814,1324201316) (931189746,-466226359) (482523735,-1608076441) (160250167,1076316807) (947954366,1795062032) (1365780605,-1567316566) (1918045541,1353500621) (397992482,-1751020922) (-117231439,-857981182) (82183516,-647499823) (1800647316,-296377617) (888910082,743271561) (-1634834253,27425869) (761854554,391188578) (1974533170,1922122332) (-1334098514,-703875371) (2080391810,-2044906941) (-1074119836,709576899) (-1984010574,-701505543) (1908701153,682691120) (-734421218,1685905084) (1585730157,-4305331) (1758851284,1716317024) (-709171911,-692285294) (-266208951,765280239) (-624448497,267368827) (-1101699932,546769466) (-743545934,-77375303) (-1947250844,1099736345) (-2133963594,-1148137026) (-1537976321,1730229488) (-1660765795,-875780841) (-1313404698,-534600219) (-1968680372,-1197792319) (1158967757,1733673217) (-1347236185,-1255961889) (1860142164,1485125734) (1421248975,1254196000) (549575336,-2086585356) (-1392230216,487870510) (-463388585,-846775211) (-2131764473,-329211287) (1131183495,100114543) (-1937452352,1758352432) (845281151,-368550364) (881570596,1276257932) (1748956847,-198308837) (-812198615,-1627940701) (-276931452,690549476) (649555412,752699610) (1012422435,1111992492) (-1236195583,2101228323) (130847879,1018720613) (-769585064,-497712176) (-851981752,522441846) (-289562174,765623455) (909943040,1468631439) (-1882874325,1905564307) (222635078,1703776310) (-1134786530,1074540520) (1210540518,-557119947) (1082013882,-1460290284) (-28607799,-1179257992) (1965404350,24675725) (91673338,564725068) (1150856400,-1749942250) (-916743599,1398343208) (-329742369,1293768110) (-1240323735,400064765) (-45304583,1974252298) (-1666938764,389470818) (992484718,-370785222) (1178249971,523219006) (948058568,-96037861) (-962647114,1051333711) (659443452,-1803820152) (-299082642,516803271) (1777012024,2089161307) (1238406921,-168908841) (-1624282803,-2137460939) (1161781101,1020874675) (-174308308,-106617442) (-2004899517,905613746) (1266638910,-1515152058) (-1227959440,-338462685) (1213634574,-1024185574) (1346524224,-229802368) (-44397181,-1518382777) (-260140873,40062764) (-1087977651,-1132705981) (474050545,924845850) (-506530095,-1029189734) (-1295376623,37798316) (2138863113,-469538000) (694909102,1997728418) (-238350707,-1826183878) (-1958629590,792263083) (-2031774192,1261119579) (1467229536,1708361009) (795783537,225065977) (1381413620,998920268) (-401874607,-1343961989) (-725616816,-250993520) (1172038703,2121367173) (-238018651,-294154961) (-544074197,-1561336247) (519116441,-1053229214) (1078862790,-1687970559) (-1934621233,653199582) (-359664354,986426740) (2023602732,1322621095) (-1457269954,1683622731) (999908886,1997653158) (-1907431739,-981525489) (-1424155354,-2041385352) (18977127,-1109267974) (-1610161296,1653448843) (956798865,706452418) (-772737798,31239597) (1091024317,-34202683) (48014270,-1836880223) (-1358847238,-1583446424) (1456168622,-970041073) (-1522582244,1338228853) (-1515942388,-191141033) (416553417,1556751585) (-738131991,-335123819) (415209213,-734336672) (597929805,1003686500) (-483257773,1928924218) (1114482077,-1057824334) (-1826848694,1830457553) (456321743,-324588333) (1396323929,-1422554337) (1136657351,1295354233) (-1681829477,-953142004) (1214213723,1349011449) (-714672595,-1329121755) (-1297977431,1827318577) (1940510212,-332751258) (1034379034,-93620594) (-1184171667,-1733400800) (-1322692783,286406137) (2043690095,-1399274669) (2113566199,-903326821) (-1868096822,-732829670) (1590838544,680578205) (-197482999,-278354621) (-698043178,-351146707) (-1987748350,-1871373099) (283245308,-783990409) (-1569019453,-1166020664) (-184765802,1864335485) (-116110020,419675300) (-1126836108,1458854378) (-1087295584,1278458654) (-1609020915,269131035) (-93580416,-1673332952) (-621209804,-1449714432) (49415780,-732252444) (-844314396,540094266) (-2057140829,-1362702967) (47585135,950938005) (-1145760215,-1610348320) (-1570029056,1741879387) (-722123475,475714400) (-14282089,-1842101557) (577996727,-1474780105) (-78381231,237455220) (575040026,-17032646) (-63479820,337645364) (-664091464,1329554517) (-106903406,1708935342) (549302336,-361423341) (-917543936,-551239617) (629505168,-1134458020) (-533291788,244883346) (-1989034517,-1995255665) (476699203,256386109) (187973973,58981508) (0,2128) (0,864) (-1362745739,-1806823983) (-1679471239,1732063216) (333117614,-1489469832) (1369414692,-1950471724) (-899089406,1092039937) (-617678574,-1301076566) (553103535,-1621092022) (-827601347,-2086874121) (1025412172,-810317162) (-600282472,1852318407) (-87533108,1076664392) (-2062901098,-240007892) (457917010,-1981525345) (-1073037146,194558665) (-167985401,-554618317) (186431499,1756378512) (-1288692063,-1809615135) (-2048832982,1208325982) (-896737977,-1858966713) (-908045475,-959693057) (1443013232,404765618) (-256974744,-1907242285) (-1531797007,-675634120) (1674090243,563943581) (-908604481,-1828817911) (2137169883,1855639001) (-514581450,-1648662142) (14830671,-1890961351) (897901133,1158715531) (1900855167,-2131547443) (-1168118639,1521521076) (-1515387922,1197536199) (-1089816233,1700143601) (-92849441,1085820002) (674680750,1179695851) (300385682,-286254703) (-1157902724,795340607) (-1106938503,-1598677376) (-1088659562,-1146967089) (-187000605,647118274) (-362903972,2081452611) (950451728,1844931703) (646334555,1378056529) (-581214918,-1296488195) (-1951468615,-124155079) (23804433,548289022) (1952943648,438037742) (-428331640,59378205) (418425603,-796860859) (-274877402,220517060) (-1067994466,-1928981755) (201305319,1341872505) (884362226,-118242393) (-210938293,-1882213458) (-1737737008,1923977212) (-1131100897,221138115) (478546741,304380709) (1680522806,-1016412945) (-812523648,-470432011) (706199766,117122396) (-1415269464,115367826) (-1041638006,-394018046) (-1239612636,-1530557794) (-364268982,-502706288) (756681066,-1988478101) (-2930875,654463104) (1320736243,-1298199966) (-1067411382,2041376969) (586246125,1280299909) (1850495130,631168087) (382645276,503430668) (1677270834,-1415817892) (2134796450,-2029368364) (-1617937435,-309790517) (-1372036154,-811596322) (1697576289,1721430637) (1124822002,-227701985) (-269963545,-253607472) (-121377837,1688495713) (2087224878,1376529379) (1806052223,-178252694) (-593106590,-1248942494) (-1948543938,1450240557) (15955360,-1832442732) (1294936324,-350158930) (1198948994,1378051787) (-122909275,-2129320213) (1930781731,-351488142) (1907197190,-272637864) (385458143,-1207569934) (2024354533,-39598056) (1683628515,2142297710) (1227416634,-1799692992) (2121873233,-498833106) (1842358773,1033939043) (-1239650775,-281237828) (-1006175087,-1766737437) (-2123694146,-938225614) (-1501175403,-1203167127) (511518052,2050179774) (1289938572,1125867320) (1013470066,494309656) (474696786,1531603592) (372066190,1590424408) (-869135024,292110083) (348518234,-1711805336) (0,2992) (0,800) (584507274,-1099738857) (1324919365,971767302) (-663647890,-145306801) (1759210982,-778196089) (335977668,-1976957393) (-2068469219,-740622744) (-1438227625,944911552) (702463095,723657232) (-1324999483,-1045731381) (-260591950,838343319) (-1909654809,350176068) (-1852844130,-255258794) (78106207,-1733536572) (-133054797,-450524392) (-581968764,-1521027359) (103242718,-1234866987) (-153148258,390991100) (-954486012,-526834415) (948199024,-1117244679) (-406804100,1797169035) (-390764525,-1971286989) (-700572588,-715674920) (-622807236,603277845) (1084394372,-774663671) (-1715239300,-604475027) (-1094616113,1106324865) (333804324,-753295083) (-2039659988,-1526617312) (-170133225,1353142136) (-1063841310,-86713541) (724638527,507492282) (1032078789,1258225167) (-44396656,-1710591061) (2146100240,45178624) (350196994,1990473930) (1600329371,-38223981) (558058751,2081323472) (421553276,798707881) (1631983466,1847800660) (-2116587697,91318104) (-1266483111,-807454052) (-1217825124,1227457039) (-1890386241,1071826128) (1372071340,6397555) (352532874,-1468097945) (-374495108,1579590500) (1437766223,184011238) (429230055,-1882003028) (-2057426544,-1611294487) (-105726369,449927529) (-1985673125,-1491489933) (-659952475,-909204420) (-227769956,1285298903) (1730794861,1063879039) (485476308,613161536) (1874626921,-2079809693) (-1435009602,-83967388) (-1763267249,379495472) (1087553259,246542010) (-1468397346,1748151415) (941644971,-1964044972) (-1294229389,1135851636) (-236647287,-1027567415) (1714675224,1082360167) (-1163002311,-979963902) (2110111714,1211876960) (-1071667752,-332640858) (808662098,849192206) (-63587904,535947616) (793266172,1457857994) (1320358816,549397966) (-1832412025,-1734471119) (-1987821126,-1253192997) (696886581,-1916656042) (1171169842,1191054820) (-406316481,-1951834395) (-1290469521,1138768929) (1049819984,-845174398) (1735473380,-930743613) (811253572,2072340788) (1952085435,1410472655) (1887047388,-1683059317) (-776064842,793961232) (1636893140,-54319313) (414959818,-1476101655) (-2074958374,647974435) (-982982671,-593800801) (-314952832,-603618769) (649477075,731095342) (1442599893,623854206) (579748039,316762195) (-906659303,1483232355) (-1217116477,1862301212) (-230191623,-583260651) (1475931877,670387748) (-1134607629,1697921462) (196206355,-1292452783) (-282307142,-783544556) (0,3792) (0,576) (-668689036,-2013846218) (-279206747,1805269562) (840512959,1951908068) (136705249,-144050001) (-1011410869,-1296600835) (-1679539873,-882454345) (1000274595,474356969) (-1226912362,-2108850174) (891725694,-291182279) (1954735388,129020761) (-48764015,1172634419) (-1106950513,475830278) (1130361188,1077757974) (160275717,965276323) (1783383283,-1189019428) (-653383740,2119281382) (-1559516959,1013334195) (-1727157881,1513893705) (1226383892,1061045171) (1336544048,1224641036) (940728317,-2028578406) (1524893640,1501267142) (708487536,-1915578392) (-1410687066,1178531653) (1829186637,-1235675247) (421921840,-1895208056) (-193900593,-1712648277) (1691956107,-1802254932) (-36457671,286430637) (-2030206176,1888861915) (-91774774,-1129600816) (-67342662,-144315910) (691159193,-1875241838) (-1560456310,-2008969363) (2051206850,-201669915) (343439603,458355607) (-1136637082,-1595162240) (158662024,1501061621) (1357797329,-1061475732) (-1683996825,-911018197) (-61631354,915287918) (-265982736,1909244587) (-793826,221764302) (1075640859,-1440284907) (-1116258410,-935371393) (-1299913640,-551692333) (-1792921791,559950576) (-1316653586,743485779) (663289006,1076949894) (-1161168230,1584111068) (1061363680,-1755359173) (-307357588,1596067874) (223819428,1029942197) (-119780862,-1256878161) (-1773939125,1899398054) (-1401664692,87890578) (661599541,1915662984) (-524012929,-180938774) (2089447548,585311180) (-322170307,-73336601) (910692514,1596135785) (-188767649,-1813661484) (301750675,708947952) (-248286771,1824271899) (1406199481,1474289735) (1863082903,-789398654) (1831092754,-654831663) (-51766959,-2127930594) (-552928320,-752533218) (-1938990936,-1435668401) (0,4368) (0,640) (-233102609,323099165) (-2126034519,-802929401) (1128683565,957355315) (-906565111,359033197) (-1426269436,795183020) (1815762479,462215852) (-1420642042,1835482710) (1355691080,1596490551) (323046607,-1990006332) (271011632,-9109631) (590378998,1016530767) (2133523252,-672008279) (-1849774218,-2011859526) (102413409,707351983) (187962998,-1616095503) (-1033897261,-100970701) (1488624901,-1831351599) (2017463747,-1467153242) (292461602,-1045734818) (-2136083822,1409516629) (1885174525,-1646143088) (-366927220,1196935049) (-1171408640,1813373969) (-884605012,-1443073969) (-1882251689,889183516) (1712587971,1999704092) (866424416,506920866) (644143935,1437451112) (536275795,-1063253219) (351106987,256518270) (-778427767,382406578) (-1728504300,-1252513520) (-223691289,-2085615138) (1726333838,-1193667032) (-506063272,-2115375923) (1237755652,514383762) (223085752,-2039068661) (375643264,-1182308362) (2078010949,508858044) (1395203976,1275337810) (136316693,752810600) (1255154625,1978842385) (-913530433,993636300) (861524663,1628282603) (-910384169,7900775) (1526402186,-1245456367) (-1228430631,434859002) (-2047280300,1750832336) (-1091878267,-935537940) (191233338,-871192799) (-51501603,2018361207) (-984190857,120607474) (100616937,1640932990) (188408736,2028653583) (1370306661,1855590091) (546053294,-988893845) (-362965940,-1656248902) (-634542245,-892148731) (-917848178,-2011192325) (-1860905322,689943548) (-79398040,520454100) (-731399205,1084290955) (-1372169615,-2132439432) (2114983124,-1679105208) (-1529166228,530218623) (1474234956,-1534556124) (-1940897416,-1837365257) (1697247352,345044157) (1224561679,1654901899) (1175488324,709039180) (-443998529,294139765) (583971804,1229450733) (-1454535118,560741396) (1985782264,-493641817) (-1656305117,-306996702) (-1558835162,-1069660588) (-950268819,1388207917) (1802588538,1181210715) (0,5008) (0,48) (0,22989216) (22,0) (109,352) (352,22) (2059295247,1845936015) (0,33) (32568,1028603560) (0,22981072) (0,13280) (0,6608) (395245085,287867359) (287423829,54965257) (1773600171,-1623736467) (-1710327813,130741640) (1176767188,1696848394) (-737727020,-2028410173) (1671012682,-2078071764) (974545336,-2056207870) (1776889564,-1116034338) (356702327,836239468) (-1306620671,-2016583094) (579022873,1666630531) (1962827460,1149648303) (1996980617,1507039365) (2010826599,-1896102002) (1317806247,2108162879) (-685655180,-1527591247) (130019852,1279679924) (-1353563874,-999958532) (-1409439270,1073542453) (323141041,-1809633843) (-937999872,-1733695000) (1478064574,1407359733) (-809221914,984839629) (1237928912,1604199188) (-330619457,874516774) (529468116,502862945) (-454514066,622101607) (-1409267758,-451937524) (-1306010102,-1430174766) (1050754303,-2145685183) (1776382907,512679322) (-613632623,41626914) (-738395688,2084654814) (-1229530084,-1525888293) (-18453869,-989178023) (1703347246,2028536484) (-1615871281,1474440015) (1866385782,-2061542523) (-50937582,2106416627) (269488469,486971708) (1372677058,-55864068) (-800324117,-822021953) (960243926,199385257) (1666079341,-2095170894) (1203499440,-1490955994) (702445106,807538225) (232415086,345470146) (-857961760,-831995873) (1842945302,929995138) (-1293624941,-1382069738) (1744783457,-1203202788) (2051953013,224990019) (880909049,871435038) (-515060286,-374616104) (-902100531,-602454851) (-715331520,-1052385947) (1744392586,-485761270) (1982023791,838587328) (2035688969,-217739013) (-1488185914,-927336140) (1725420177,88060511) (-485948887,1433920887) (1955058217,570471515) (-220026549,-1141088094) (811047839,-1008995384) (-414830949,384054963) (-2139941590,-312205091) (1093601165,585353441) (-973160335,-1584729933) (-1775031263,-1954551333) (-811592980,616750764) (905498320,-44827619) (-1777887152,-1706578638) (-824023077,819101821) (143169512,2132715309) (1011824693,895835533) (-32297063,-264069877) (-1109692861,496101501) (-1533662857,353068356) (-1047737847,-1938542835) (682667472,-1674803890) (34187847,-1623146104) (-758697328,1737160798) (-363780533,-635880596) (-1533833051,-1033774745) (298112271,-1026485414) (-1654302679,1187636583) (1052988167,-481598031) (973102771,620059772) (508940206,-19572357) (2087173756,-2011776603) (1366392637,479789792) (-275457797,1824627743) (-473111426,368361892) (186353532,-254301481) (-102343238,927697109) (-1731718464,516544193) (108969424,1332995690) (1739310578,-679202606) (475981957,1709998601) (-1514091906,-1044653038) (1899260159,1785843547) (-575596499,-1078964777) (274886936,843905011) (-1613696793,-1336808656) (1059045727,-1401039392) (-28381041,67078534) (1876819011,444471559) (-748560768,-1627825215) (-518747032,1044093915) (-1438219160,647668581) (-204969688,-627854869) (-1273199084,1863929658) (1192490088,-1607458076) (406696204,-872686491) (2122061680,3863958) (1505703626,1412262179) (1433212101,-1936334984) (-977491087,-1931917671) (-1021383181,94295821) (-1691332874,1511680925) (-1142081638,-38169992) (-939085880,1602408205) (1173136943,1854150944) (-68820729,1630088462) (-2135603861,-65620134) (458061690,-547386353) (115816669,-1224701240) (1010463896,-1914954514) (-784058248,-1687062337) (-595878813,-2032908776) (2019540731,-23989960) (798584699,1183249085) (-1432683990,-978589097) (2106341460,-319019632) (936141608,-2785730) (788955337,537627825) (28548334,1692143902) (1375668314,-1058246896) (210353107,-1714204784) (2145105779,110886373) (231829300,451477753) (804302534,645239886) (2121833445,1299801917) (701764570,-122771656) (889278879,-1675326530) (631949928,-66961129) (424336174,-116215181) (-738778889,-1330667680) (-1969828181,-834829412) (583482654,-1941123149) (-1740055496,1788374632) (-986907960,1506557996) (1386185994,-1600720463) (-1161225397,1112705508) (584507274,-1099738857) (1324919365,971767302) (-663647890,-145306801) (1759210982,-778196089) (335977668,-1976957393) (-2068469219,-740622744) (-1438227625,944911552) (702463095,723657232) (-1324999483,-1045731381) (-260591950,838343319) (-1909654809,350176068) (-1852844130,-255258794) (-1653307401,624317636) (-1532662886,976934948) (901739607,-1058738341) (-186517655,-122736103) (407614135,1895630885) (1096797030,-793263177) (-89973690,485071844) (-845774259,-2147337314) (-1484853596,-382093602) (-1278343106,-1338777562) (-666348148,-1037869625) (1478991291,1248974745) (716288168,959086935) (-2049555833,1373707655) (34116528,612401371) (-895705840,-1755080940) (1926927613,-2079644351) (2021411104,-1188442581) (-522863309,1924720489) (-752267597,-1686508737) (-830911379,139695694) (-2024009752,1702693734) (-685674332,1215988897) (1842855928,1194881795) (-1350307151,122243011) (-415929845,635649929) (275986917,429060326) (1833050702,379315601) (1305987293,770488412) (-1606897094,-675218015) (-1023747996,-157940437) (230678951,-272727193) (-561272751,1651264355) (1523825816,1878996021) (392577170,399749173) (1788316631,-376398856) (1923588510,-1211375623) (454766520,-780392215) (568676126,762142716) (330378538,1991006771) (2141114678,-599916644) (1209701475,690185566) (-432227005,-2011669196) (676072913,1988559519) (1677988504,-867664888) (-14742619,493237918) (1419699323,797086780) (353033461,195207177) (-731006084,-539301339) (437263049,904945684) (-295508933,466508680) (334439723,-1172984929) (1836502452,-429067773) (693107217,-1013558719) (-729505053,331999944) (170640377,-491298643) (-910386826,1325913238) (1109007704,-668147044) (608503794,455274259) (269824897,1196009936) (1718185283,1180183865) (1703390409,-152434411) (-1931826006,-52755409) (1732138604,978726683) (679688107,1387857517) (1659487312,-835434401) (1962901779,1095552905) (671780169,1263481087) (1553702274,-548966431) (1081818756,1275994940) (-661014557,-690227786) (1128929068,1224191291) (-1336903494,1096069409) (1655794108,2004020057) (1824848687,-668979400) (-296807164,987274275) (1939180829,-1101591917) (1645593728,-44431198) (412184253,2131493865) (-945615679,-1295809266) (-32327920,-2128455626) (-1131028696,-2136384870) (-2121090161,-305386917) (2122868618,584507652) (-2084282317,-1622059803) (-1339838494,130108855) (-1481898397,-752241191) (-111418749,48151218) (-1699858846,865955613) (-2078474432,1404754486) (425369126,-1696354733) (1757045670,1366869017) (-148929692,329748023) (-1899639911,523851261) (-607537453,-504375064) (-2064746771,954751292) (-1169749320,-283650065) (-2128656144,1176961692) (-379052974,-1173748069) (-1894126981,1088441223) (108615547,-225936585) (-1984394266,-183753100) (1031453532,151648182) (435305248,1766628067) (1027345588,1724771674) (1209611541,-502456321) (-2003316863,1559258862) (-1205139400,-1257452291) (1563113578,1257436832) 
    }
    comp 2 {
      csty=0
      numresolutions=0
      cblkw=0
      cblkh=0
      cblksty=21
      qmfbid=0
      qntsty=0
      numgbits=973102771
      roishift=-19572357
      stepsizes=
    }
  }
  tile 1 {
    csty=0
    prg=1
    numlayers=1
    mct=0
    rates=0.0 
    comp 0 {
      csty=0
      numresolutions=6
      cblkw=5
      cblkh=5
      cblksty=0
      qmfbid=1
      qntsty=0
      numgbits=2
      roishift=0
      stepsizes=(0,8) (0,9) (0,9) (0,10) (0,9) (0,9) (0,10) (0,9) (0,9) (0,10) (0,9) (0,9) (0,10) (0,9) (0,9) (0,10) 
    }
    comp 1 {
      csty=0
      numresolutions=33
      cblkw=0
      cblkh=0
      cblksty=0
      qmfbid=0
      qntsty=0
      numgbits=-2011776603
      roishift=2087173756
      stepsizes=(0,0) (0,33) (6592,13734) (0,0) (0,0) (0,32305) (32568,1028605400) (32568,1028605400) (0,22971584) (0,22971584) (0,22971696) (0,22956880) (0,22926208) (0,22972584) (0,22962616) (356702327,1) (-1306620671,-2016583094) (0,1889) (0,22974880) (32568,1028603544) (0,0) (0,0) (32568,1028604728) (32568,1028604728) (0,22971712) (0,22971712) (323141041,-1809633843) (-937999872,-1733695000) (1478064574,1407359733) (-809221914,984839629) (1237928912,1604199188) (-330619457,874516774) (529468116,502862945) (-454514066,622101607) (-1409267758,-451937524) (-1306010102,-1430174766) (1050754303,-2145685183) (1776382907,512679322) (-613632623,41626914) (-738395688,2084654814) (-1229530084,-1525888293) (-18453869,-989178023) (1703347246,2028536484) (-1615871281,1474440015) (1866385782,-2061542523) (-50937582,2106416627) (269488469,486971708) (1372677058,-55864068) (-800324117,-822021953) (960243926,199385257) (1666079341,-2095170894) (1203499440,-1490955994) (702445106,807538225) (232415086,345470146) (-857961760,-831995873) (1842945302,929995138) (-1293624941,-1382069738) (1744783457,-1203202788) (2051953013,224990019) (880909049,871435038) (-515060286,-374616104) (-902100531,-602454851) (-715331520,-1052385947) (1744392586,-485761270) (1982023791,838587328) (2035688969,-217739013) (-1488185914,-927336140) (1725420177,88060511) (-485948887,1433920887) (1955058217,570471515) (-220026549,-1141088094) (811047839,-1008995384) (-414830949,384054963) (-2139941590,-312205091) (1093601165,585353441) (-973160335,-1584729933) (-1775031263,-1954551333) (-811592980,616750764) (905498320,-44827619) (-1777887152,-1706578638) (-824023077,819101821) (143169512,2132715309) (1011824693,895835533) (-32297063,-264069877) (-1109692861,496101501) (-1533662857,353068356) (-1047737847,-1938542835) (682667472,-1674803890) (34187847,-1623146104) (-758697328,1737160798) (-363780533,-635880596) (-1533833051,-1033774745) (298112271,-1026485414) (-1654302679,1187636583) (1052988167,-481598031) (973102771,620059772) (508940206,-19572357) 
    }
    comp 2 {
      csty=1
      numresolutions=0
      cblkw=22973520
      cblkh=0
      cblksty=346b409
      qmfbid=287423829
      qntsty=-1623736467
      numgbits=-856914516
      roishift=-1965317185
      stepsizes=
      prcw=
      prch=
    }
  }
}
