image {
  x0=0, y0=0, x1=120, y1=120
  numcomps=3
  comp 0 {
    dx=1, dy=1
    prec=8
    sgnd=0
  }
  comp 1 {
    dx=1, dy=1
    prec=8
    sgnd=0
  }
  comp 2 {
    dx=1, dy=1
    prec=8
    sgnd=0
  }
}
coding parameters {
  tx0=0, ty0=0
  tdx=120, tdy=120
  tw=1, th=1
  tile 0 {
    csty=0
    prg=1
    numlayers=1
    mct=1
    rates=0.0 
    comp 0 {
      csty=0
      numresolutions=32
      cblkw=5
      cblkh=5
      cblksty=0
      qmfbid=0
      qntsty=2
      numgbits=2
      roishift=0
      stepsizes=(0,8) (0,9) (0,9) (0,10) (0,9) (0,9) (0,10) (0,9) (0,9) (0,10) (0,9) (0,9) (0,10) (0,9) (0,9) (0,10) (0,0) (0,0) (0,0) (0,0) (0,0) (0,0) (0,0) (0,0) (0,0) (0,0) (0,0) (0,0) (0,0) (0,0) (0,0) (0,0) (0,0) (0,0) (0,0) (0,0) (0,0) (0,0) (0,0) (0,0) (0,0) (0,0) (0,0) (0,0) (0,0) (0,0) (0,0) (0,0) (0,0) (0,0) (0,0) (0,0) (0,0) (0,0) (0,0) (0,0) (0,0) (0,0) (0,0) (0,0) (0,0) (0,0) (0,0) (0,0) (0,0) (0,0) (0,0) (0,0) (0,0) (0,0) (0,0) (0,0) (0,0) (0,0) (0,0) (0,0) (0,0) (0,0) (0,0) (0,0) (0,0) (0,0) (0,0) (0,0) (0,0) (0,0) (0,0) (0,0) (0,0) (0,0) (0,0) (0,0) (0,0) (0,0) 
    }
    comp 1 {
      csty=0
      numresolutions=32
      cblkw=5
      cblkh=5
      cblksty=0
      qmfbid=0
      qntsty=2
      numgbits=2
      roishift=0
      stepsizes=(0,8) (0,9) (0,9) (0,10) (0,9) (0,9) (0,10) (0,9) (0,9) (0,10) (0,9) (0,9) (0,10) (0,9) (0,9) (0,10) (0,0) (0,0) (0,0) (0,0) (0,0) (0,0) (0,0) (0,0) (0,0) (0,0) (0,0) (0,0) (0,0) (0,0) (0,0) (0,0) (0,0) (0,0) (0,0) (0,0) (0,0) (0,0) (0,0) (0,0) (0,0) (0,0) (0,0) (0,0) (0,0) (0,0) (0,0) (0,0) (0,0) (0,0) (0,0) (0,0) (0,0) (0,0) (0,0) (0,0) (0,0) (0,0) (0,0) (0,0) (0,0) (0,0) (0,0) (0,0) (0,0) (0,0) (0,0) (0,0) (0,0) (0,0) (0,0) (0,0) (0,0) (0,0) (0,0) (0,0) (0,0) (0,0) (0,0) (0,0) (0,0) (0,0) (0,0) (0,0) (0,0) (0,0) (0,0) (0,0) (0,0) (0,0) (0,0) (0,0) (0,0) (0,0) 
    }
    comp 2 {
      csty=0
      numresolutions=32
      cblkw=5
      cblkh=5
      cblksty=0
      qmfbid=0
      qntsty=2
      numgbits=2
      roishift=0
      stepsizes=(0,8) (0,9) (0,9) (0,10) (0,9) (0,9) (0,10) (0,9) (0,9) (0,10) (0,9) (0,9) (0,10) (0,9) (0,9) (0,10) (0,0) (0,0) (0,0) (0,0) (0,0) (0,0) (0,0) (0,0) (0,0) (0,0) (0,0) (0,0) (0,0) (0,0) (0,0) (0,0) (0,0) (0,0) (0,0) (0,0) (0,0) (0,0) (0,0) (0,0) (0,0) (0,0) (0,0) (0,0) (0,0) (0,0) (0,0) (0,0) (0,0) (0,0) (0,0) (0,0) (0,0) (0,0) (0,0) (0,0) (0,0) (0,0) (0,0) (0,0) (0,0) (0,0) (0,0) (0,0) (0,0) (0,0) (0,0) (0,0) (0,0) (0,0) (0,0) (0,0) (0,0) (0,0) (0,0) (0,0) (0,0) (0,0) (0,0) (0,0) (0,0) (0,0) (0,0) (0,0) (0,0) (0,0) (0,0) (0,0) (0,0) (0,0) (0,0) (0,0) (0,0) (0,0) 
    }
  }
}
