Image info {
	 x0=0, y0=0
	 x1=100, y1=100
	 numcomps=1
		 component 0 {
		 dx=1, dy=1
		 prec=16
		 sgnd=0
	}
}
Codestream info from main header: {
	 tx0=0, ty0=0
	 tdx=100, tdy=100
	 tw=1, th=1
	 default tile {
		 csty=0
		 prg=0
		 numlayers=1
		 mct=0
		 comp 0 {
			 csty=0
			 numresolutions=33
			 cblkw=2^6
			 cblkh=2^6
			 cblksty=0
			 qmfbid=0
			 preccintsize (w,h)=(15,15) (15,15) (15,15) (15,15) (15,15) (15,15) (15,15) (15,15) (15,15) (15,15) (15,15) (15,15) (15,15) (15,15) (15,15) (15,15) (15,15) (15,15) (15,15) (15,15) (15,15) (15,15) (15,15) (15,15) (15,15) (15,15) (15,15) (15,15) (15,15) (15,15) (15,15) (15,15) (15,15) 
			 qntsty=2
			 numgbits=1
			 stepsizes (m,e)=(1822,14) (1770,14) (1770,14) (1724,14) (1792,13) (1792,13) (1762,13) (1868,12) (1868,12) (1892,12) (3,10) (3,10) (69,10) (2002,10) (2002,10) (1889,10) (0,0) (0,0) (0,0) (0,0) (0,0) (0,0) (0,0) (0,0) (0,0) (0,0) (0,0) (0,0) (0,0) (0,0) (0,0) (0,0) (0,0) (0,0) (0,0) (0,0) (0,0) (0,0) (0,0) (0,0) (0,0) (0,0) (0,0) (0,0) (0,0) (0,0) (0,0) (0,0) (0,0) (0,0) (0,0) (0,0) (0,0) (0,0) (0,0) (0,0) (0,0) (0,0) (0,0) (0,0) (0,0) (0,0) (0,0) (0,0) (0,0) (0,0) (0,0) (0,0) (0,0) (0,0) (0,0) (0,0) (0,0) (0,0) (0,0) (0,0) (0,0) (0,0) (0,0) (0,0) (0,0) (0,0) (0,0) (0,0) (0,0) (0,0) (0,0) (0,0) (0,0) (0,0) (0,0) (0,0) (0,0) (0,0) (0,0) (0,0) (0,0) 
			 roishift=0
		 }
	 }
}
Codestream index from main header: {
	 Main header start position=0
	 Main header end position=209
	 Marker list: {
		 type=0xff4f, pos=0, len=2
		 type=0xff51, pos=2, len=43
		 type=0xff52, pos=45, len=14
		 type=0xff5c, pos=59, len=37
		 type=0xff64, pos=96, len=19
		 type=0xff64, pos=115, len=94
	 }
}
